13.9 81.5 0 0
13.9 86.3 0 0
9.2 74.6 0 0
12.6 51.1 0 0
12.0 77.2 0 0
8.4 82.2 0 0
6.0 60.7 0 0
6.6 60.8 0 0
8.0 80.4 0 0
10.2 65.2 0 0
10.3 52.6 0 0
11.2 50.8 0 0
9.4 84.0 0 0
12.4 86.7 0 0
7.3 51.4 0 0
9.3 84.3 0 0
13.2 52.9 0 0
6.5 53.0 0 0
9.1 69.4 0 0
11.2 80.1 0 0
12.4 68.6 1 0
14.9 57.8 1 0
6.3 51.5 1 0
13.7 76.2 1 0
10.8 80.1 1 0
12.2 56.9 1 0
11.0 72.5 1 0
6.7 66.2 1 0
10.7 54.5 1 0
8.6 84.0 1 0
8.0 86.9 1 1
13.1 55.6 1 1
13.7 77.6 1 1
6.4 70.5 1 1
7.1 78.8 1 1
6.9 86.5 1 1
14.5 79.2 1 1
14.0 79.1 1 1
15.3 59.8 1 1
10.3 83.2 1 1
5.6 83.5 2 1
6.6 52.5 2 1
13.2 57.4 2 1
7.3 79.5 2 1
14.1 55.4 2 1
6.4 88.8 2 1
10.9 69.1 2 1
14.4 86.5 2 1
13.3 83.9 2 1
10.9 73.3 2 1
12.2 53.4 2 1
10.5 80.9 2 1
6.2 89.2 2 1
10.1 81.4 2 1
6.2 80.1 2 1
11.3 66.6 2 1
11.6 86.1 2 1
5.8 70.9 2 1
7.9 80.9 2 1
9.7 89.3 2 1
15.2 53.6 2 1
15.4 62.3 2 1
10.9 79.2 2 1
8.8 75.8 2 1
11.0 57.2 2 1
10.2 86.9 2 1
13.4 89.1 2 1
12.6 75.4 2 1
5.5 57.8 2 1
9.9 67.7 2 1
7.5 74.4 3 1
14.6 56.2 3 1
13.4 71.3 3 1
12.6 75.0 3 1
10.8 77.5 3 1
15.2 54.3 3 1
10.0 75.2 3 1
11.3 65.2 3 1
8.9 64.8 3 1
7.6 50.5 3 1
13.9 81.3 3 1
13.3 55.5 3 1
8.4 68.0 3 1
13.1 62.5 3 1
14.5 67.3 3 1
9.2 72.2 3 1
11.0 55.8 3 1
11.4 65.8 3 1
8.4 66.2 3 1
8.4 60.6 3 1
8.0 70.1 3 1
9.3 52.0 3 1
5.7 87.2 3 1
13.4 69.5 3 1
7.6 82.4 3 1
12.0 85.5 3 1
9.8 83.1 3 1
11.5 52.7 3 1
7.3 87.9 3 1
8.7 82.7 3 1
8.6 73.1 3 1
9.8 66.6 3 1
13.5 89.2 3 1
11.8 82.5 3 1
14.1 68.3 3 1
15.2 69.6 3 1
14.2 55.1 3 1
8.7 67.0 3 1
11.1 58.5 3 1
11.5 50.8 3 1
13.6 62.3 3 1
5.7 59.9 3 1
8.9 82.5 3 1
14.7 61.6 3 1
13.0 79.6 3 1
9.5 71.5 3 1
6.6 62.7 3 1
10.4 51.6 3 1
12.8 84.8 3 1
13.3 59.2 3 1
8.6 69.5 3 1
6.5 84.1 3 1
8.6 55.9 3 1
6.7 77.6 3 1
6.0 51.3 3 1
14.1 62.7 3 1
10.9 70.7 3 1
13.0 71.3 3 1
10.1 67.8 3 1
7.8 51.7 3 1
14.9 52.9 3 2
5.6 70.5 3 2
10.1 52.3 3 2
8.4 78.3 3 2
15.4 67.3 3 2
15.0 63.6 3 2
9.4 57.8 3 2
11.8 57.8 3 2
13.6 80.6 3 2
14.5 79.9 3 2
7.8 67.6 4 2
11.9 85.4 4 2
13.1 76.6 4 2
7.5 70.4 4 2
5.7 77.5 4 2
7.2 65.9 4 2
7.1 80.7 4 2
6.4 65.0 4 2
11.8 63.0 4 2
11.4 66.9 4 2
10.1 73.5 4 3
9.1 82.7 4 3
11.1 60.5 4 3
9.7 68.4 4 3
12.5 75.7 4 3
14.3 66.9 4 3
14.6 75.5 4 3
11.0 75.7 4 3
7.6 80.0 4 3
15.3 59.3 4 3
6.3 72.1 5 3
7.2 54.9 5 3
6.8 80.3 5 3
6.2 66.8 5 3
6.0 54.8 5 3
6.6 50.4 5 3
13.5 66.7 5 3
15.4 77.4 5 3
10.4 50.3 5 3
7.6 60.3 5 3
6.1 73.3 5 3
10.7 62.1 5 3
12.0 57.5 5 3
9.5 60.2 5 3
11.3 67.0 5 3
15.1 69.7 5 3
14.2 84.0 5 3
5.8 66.3 5 3
13.2 50.8 5 3
13.0 86.0 5 3
14.6 61.5 5 3
11.6 66.5 5 3
10.0 51.4 5 3
6.2 88.6 5 3
13.1 63.6 5 3
11.5 73.7 5 3
9.8 65.2 5 3
5.8 76.7 5 3
9.8 70.1 5 3
6.6 70.8 5 3
11.5 75.7 5 3
15.1 59.8 5 3
14.6 62.8 5 3
10.5 67.3 5 3
9.1 62.8 5 3
6.3 65.0 5 3
14.9 86.0 5 3
7.0 87.7 5 3
9.8 77.3 5 3
14.2 83.9 5 3
11.3 81.3 5 3
14.7 66.1 5 3
9.4 85.6 5 3
13.7 88.0 5 3
6.1 57.7 5 3
7.0 84.2 5 3
13.2 80.2 5 3
6.5 78.5 5 3
15.4 65.2 5 3
7.3 66.3 5 3
15.1 75.0 5 3
9.2 60.3 5 3
7.6 53.7 5 3
5.6 56.4 5 3
15.2 85.2 5 3
12.7 54.1 5 3
8.4 65.2 5 3
11.4 56.5 5 3
6.2 70.6 5 3
8.7 85.8 5 3
7.7 78.3 6 4
8.0 54.7 6 4
8.3 73.2 6 4
6.2 87.4 6 4
14.0 71.2 6 4
14.4 65.6 6 4
12.1 76.0 6 4
15.2 72.0 6 4
10.6 56.9 6 4
5.6 61.7 6 4
13.3 53.9 6 4
11.4 52.4 6 4
11.8 60.2 6 4
15.3 61.8 6 4
12.2 55.9 6 4
10.1 72.6 6 4
13.8 56.8 6 4
8.6 82.9 6 4
14.7 68.9 6 4
6.3 53.5 6 4
8.6 76.3 6 4
12.6 84.5 6 4
15.2 80.0 6 4
11.4 54.9 6 4
10.7 81.0 6 4
6.5 53.3 6 4
8.8 79.7 6 4
5.7 63.5 6 4
11.6 77.1 6 4
9.0 87.6 6 4
8.6 57.0 6 4
8.6 84.0 6 4
11.4 85.3 6 4
13.9 85.2 6 4
14.3 70.6 6 4
9.0 75.8 6 4
8.0 84.0 6 4
14.9 64.7 6 4
6.2 73.7 6 4
7.2 82.0 6 4
6.4 77.7 6 4
7.5 81.4 6 4
11.3 84.3 6 4
6.8 85.6 6 4
8.4 71.7 6 4
12.1 56.5 6 4
6.6 80.5 6 4
13.2 86.1 6 4
6.8 70.9 6 4
15.3 78.8 6 4
8.0 58.5 6 4
15.1 88.9 6 4
9.0 81.3 6 4
10.5 75.8 6 4
14.8 56.5 6 4
8.2 84.4 6 4
10.9 75.8 6 4
11.9 74.3 6 4
9.5 62.6 6 4
8.7 72.2 6 4
11.3 58.8 6 4
13.4 73.9 6 4
9.7 82.2 6 4
14.2 67.1 6 4
10.1 84.9 6 4
15.4 77.1 6 4
8.8 54.7 6 4
15.0 66.6 6 4
6.4 74.7 6 4
12.6 76.0 6 4
5.8 86.3 6 4
12.4 64.0 6 4
6.2 66.0 6 4
15.2 81.0 6 4
10.0 55.0 6 4
14.3 75.3 6 4
13.8 50.8 6 4
10.7 86.2 6 4
6.1 64.0 6 4
15.2 79.0 6 4
21.8 50.2 0 0
20.5 44.1 0 0
29.1 74.3 0 0
21.8 57.5 0 0
26.0 61.2 0 0
22.7 56.5 0 0
28.2 74.0 0 0
24.6 44.1 0 0
21.8 73.2 0 0
24.2 42.4 0 0
25.1 68.1 0 0
17.2 53.0 0 0
28.2 52.6 0 0
28.6 62.7 0 0
17.4 45.0 0 0
23.1 49.3 0 0
21.1 56.7 0 0
23.1 55.1 0 0
17.7 60.4 0 0
26.1 40.1 0 0
18.6 55.5 1 0
19.0 58.3 1 0
20.4 49.1 1 0
15.6 56.0 1 0
29.4 52.9 1 0
27.8 49.0 1 0
24.6 69.5 1 0
28.5 66.5 1 0
24.2 53.0 1 0
29.9 40.9 1 0
20.0 69.1 1 0
18.0 50.6 1 0
15.9 62.9 1 0
26.2 45.6 1 0
19.8 56.4 1 0
23.8 66.2 1 0
17.6 63.1 1 0
18.6 60.4 1 0
29.9 60.1 1 0
21.6 43.2 1 0
24.5 58.5 2 0
27.6 43.9 2 0
18.2 67.5 2 0
16.8 65.5 2 0
20.9 57.8 2 0
28.3 50.3 2 0
24.8 52.9 2 0
29.3 44.9 2 0
26.4 54.9 2 0
15.9 55.9 2 0
16.1 55.9 2 0
23.8 56.1 2 0
24.9 71.1 2 0
19.3 68.8 2 0
22.5 65.5 2 0
26.4 67.9 2 0
20.7 66.0 2 0
24.0 48.5 2 0
20.8 68.0 2 0
27.3 45.8 2 0
23.1 66.0 3 0
20.5 44.1 3 0
24.3 50.0 3 0
18.2 49.6 3 0
20.8 46.6 3 0
24.1 45.4 3 0
16.2 54.3 3 0
24.4 44.1 3 0
16.6 62.0 3 0
19.6 62.5 3 0
16.0 56.2 3 0
21.3 56.7 3 0
28.4 58.0 3 0
24.0 63.4 3 0
26.1 62.2 3 0
16.5 42.4 3 0
27.4 50.0 3 0
20.5 57.4 3 0
15.9 66.4 3 0
21.1 68.9 3 0
28.4 44.4 3 0
19.9 74.0 3 0
23.4 40.1 3 0
18.9 52.8 3 0
20.0 49.8 3 0
16.7 68.5 3 0
30.1 63.1 3 0
19.6 54.3 3 0
27.9 52.7 3 0
29.4 53.1 3 0
20.7 54.7 3 0
20.4 52.0 3 0
24.8 67.2 3 0
27.8 49.5 3 0
18.9 60.3 3 0
18.2 65.5 3 0
19.4 46.4 3 0
17.2 41.4 3 0
28.6 60.2 3 0
20.1 55.6 3 0
25.8 59.2 3 0
19.8 51.6 3 0
29.4 43.4 3 0
19.3 54.8 3 0
22.1 48.8 3 0
18.4 63.9 3 0
18.2 64.4 3 0
25.8 64.5 3 0
29.9 59.8 3 0
20.4 63.5 3 0
27.6 71.2 3 0
18.6 50.2 3 0
16.4 52.5 3 0
23.2 46.5 3 0
27.8 55.4 3 0
30.1 53.9 3 0
25.4 64.8 3 0
24.6 67.8 3 0
26.7 69.7 3 0
19.2 50.7 3 0
27.5 51.5 3 1
24.0 70.3 3 1
27.1 40.4 3 1
26.1 64.8 3 1
24.7 67.2 3 1
23.2 48.1 3 1
17.6 42.5 3 1
23.6 67.5 3 1
17.3 50.4 3 1
20.8 55.0 3 1
23.5 64.4 4 1
22.0 57.3 4 1
21.2 63.3 4 1
21.4 56.3 4 1
24.4 41.8 4 1
27.9 69.3 4 1
19.3 55.0 4 1
27.9 45.9 4 1
21.0 56.4 4 1
21.3 64.4 4 1
28.8 73.6 4 1
28.6 58.9 4 1
29.6 66.6 4 1
27.4 43.5 4 1
25.6 66.1 4 1
23.9 66.5 4 1
28.8 57.7 4 1
23.1 70.2 4 1
19.1 71.2 4 1
22.4 70.9 4 1
26.7 51.8 4 1
22.0 44.0 4 1
16.3 54.5 4 1
24.1 56.2 4 1
28.6 64.4 4 1
27.3 61.5 4 1
25.5 66.7 4 1
29.1 42.1 4 1
28.4 67.4 4 1
29.1 59.2 4 1
26.1 59.5 4 1
20.9 70.1 4 1
25.7 74.7 4 1
23.4 42.2 4 1
19.2 53.5 4 1
25.0 51.1 4 1
17.6 40.1 4 1
22.1 63.1 4 1
17.1 68.3 4 1
24.3 47.7 4 1
22.3 49.5 4 2
16.7 60.0 4 2
19.5 43.9 4 2
23.6 54.1 4 2
16.8 60.2 4 2
24.4 43.8 4 2
25.5 72.5 4 2
26.4 44.4 4 2
23.1 67.8 4 2
29.4 52.9 4 2
17.2 51.2 5 2
16.1 51.8 5 2
19.1 55.7 5 2
18.8 62.8 5 2
24.1 70.8 5 2
22.5 62.3 5 2
28.2 59.8 5 2
21.4 65.5 5 2
24.1 54.2 5 2
24.5 72.9 5 2
20.7 53.1 5 3
16.1 58.5 5 3
18.7 68.7 5 3
23.6 43.7 5 3
18.2 44.2 5 3
28.0 55.8 5 3
20.9 56.5 5 3
19.3 69.4 5 3
17.9 65.6 5 3
20.1 63.7 5 3
18.8 59.0 5 3
17.1 64.2 5 3
21.2 67.7 5 3
26.6 46.7 5 3
26.1 58.2 5 3
22.2 61.4 5 3
18.6 65.2 5 3
19.4 58.7 5 3
29.4 57.3 5 3
17.0 52.6 5 3
18.0 52.1 5 3
29.7 53.9 5 3
19.2 64.1 5 3
18.8 64.6 5 3
29.9 74.8 5 3
15.9 41.7 5 3
20.0 66.0 5 3
25.1 51.8 5 3
25.2 66.8 5 3
16.5 73.2 5 3
27.2 70.4 6 3
29.4 57.3 6 3
24.5 49.6 6 3
23.6 46.4 6 3
21.6 48.3 6 3
25.4 48.5 6 3
28.1 62.9 6 3
19.6 61.3 6 3
27.3 71.6 6 3
28.0 63.5 6 3
18.5 66.9 6 3
30.0 40.5 6 3
25.5 52.1 6 3
29.9 41.0 6 3
25.8 63.1 6 3
19.4 74.4 6 3
15.6 70.4 6 3
26.7 50.6 6 3
21.3 55.1 6 3
17.0 70.0 6 3
19.1 56.3 6 3
27.0 47.2 6 3
20.9 70.9 6 3
23.2 49.2 6 3
29.0 64.9 6 3
26.9 63.0 6 3
25.9 56.5 6 3
15.6 48.9 6 3
15.8 53.9 6 3
29.2 67.6 6 3
16.5 72.3 6 4
17.1 44.1 6 4
25.4 58.2 6 4
25.1 47.4 6 4
18.7 41.3 6 4
22.0 67.4 6 4
17.3 66.5 6 4
15.7 59.3 6 4
18.5 54.8 6 4
22.9 51.4 6 4
20.5 70.0 6 4
24.1 68.2 6 4
28.8 57.6 6 4
21.8 57.0 6 4
15.7 45.8 6 4
19.4 46.8 6 4
27.2 43.1 6 4
28.9 47.1 6 4
15.7 58.7 6 4
28.6 63.9 6 4
20.8 72.8 6 4
29.8 67.2 6 4
25.1 45.6 6 4
20.1 67.8 6 4
22.6 46.2 6 4
30.1 49.8 6 4
17.1 66.0 6 4
16.3 69.6 6 4
26.8 60.8 6 4
22.5 74.0 6 4
18.8 45.5 6 4
27.4 69.7 6 4
26.6 63.1 6 4
20.6 69.2 6 4
16.3 70.4 6 4
22.5 63.4 6 4
25.8 69.9 6 4
19.2 64.1 6 4
16.0 51.4 6 4
28.8 62.8 6 4
17.7 46.8 6 4
29.6 53.6 6 4
20.9 70.6 6 4
29.5 49.1 6 4
27.9 66.4 6 4
29.8 55.2 6 4
21.6 74.2 6 4
22.4 44.4 6 4
27.1 43.5 6 4
26.7 56.1 6 4
27.8 22.8 0 0
11.7 64.2 0 0
23.1 64.0 0 0
17.4 50.7 0 0
19.2 46.3 0 0
29.2 73.2 0 0
26.8 88.2 0 0
11.0 48.5 0 0
12.5 64.6 0 0
27.4 15.7 0 0
20.8 68.7 0 0
18.9 18.5 0 0
16.0 77.7 0 0
24.4 68.8 0 0
10.8 83.5 0 0
27.9 60.9 0 0
28.1 13.2 0 0
11.2 36.6 0 0
29.0 29.5 0 0
19.9 61.0 0 0
22.6 79.1 0 0
24.5 43.4 0 0
18.8 59.4 0 0
11.8 29.4 0 0
20.1 46.1 0 0
24.6 53.9 0 0
30.0 20.4 0 0
11.7 47.0 0 0
28.1 43.7 0 0
23.7 86.9 0 0
16.2 27.9 1 0
22.8 42.8 1 0
11.9 15.0 1 0
16.2 78.6 1 0
17.6 18.5 1 0
16.3 43.8 1 0
29.2 68.9 1 0
23.7 87.4 1 0
10.6 53.0 1 0
16.0 74.4 1 0
18.7 10.5 1 0
25.8 65.6 1 0
29.9 63.9 1 0
16.7 49.3 1 0
25.5 28.9 1 0
17.7 56.9 1 0
24.9 38.3 1 0
22.9 85.7 1 0
10.9 79.9 1 0
11.2 46.2 1 0
20.6 68.2 1 0
10.8 79.5 1 0
21.9 24.8 1 0
17.8 77.8 1 0
27.5 78.7 1 0
26.2 40.6 1 0
12.5 35.4 1 0
26.4 65.5 1 0
12.8 40.9 1 0
11.1 38.4 1 0
25.2 64.2 2 0
17.8 16.1 2 0
13.9 64.4 2 0
13.4 16.3 2 0
21.7 44.0 2 0
11.6 13.2 2 0
22.6 74.2 2 0
17.0 30.2 2 0
13.0 22.4 2 0
26.1 36.4 2 0
14.0 69.6 2 0
20.1 16.9 2 0
25.8 49.3 2 0
17.9 31.2 2 0
28.4 89.5 2 0
11.7 15.5 2 0
10.6 44.1 2 0
19.4 46.4 2 0
24.8 63.3 2 0
27.3 33.2 2 0
11.3 38.5 2 0
28.1 17.5 2 0
12.6 84.1 2 0
12.1 24.9 2 0
26.8 24.7 2 0
18.6 46.9 2 0
22.4 13.1 2 0
21.5 80.9 2 0
26.1 39.3 2 0
28.5 60.3 2 0
18.7 69.5 3 0
23.6 67.9 3 0
25.7 22.9 3 0
16.1 75.5 3 0
22.1 69.9 3 0
10.8 70.7 3 0
11.1 50.5 3 0
19.3 27.9 3 0
14.5 58.5 3 0
14.5 59.9 3 0
20.7 10.0 3 1
11.1 61.6 3 1
16.5 39.4 3 1
22.1 60.3 3 1
23.2 43.4 3 1
30.2 15.8 3 1
14.3 58.8 3 1
24.4 11.4 3 1
23.1 54.7 3 1
12.0 79.5 3 1
23.7 66.9 3 1
29.5 34.0 3 1
30.1 37.6 3 1
25.4 71.9 3 1
21.2 54.6 3 1
15.0 49.5 3 1
24.7 63.0 3 1
14.2 46.3 3 1
11.3 74.7 3 1
26.8 55.5 3 1
15.5 62.1 3 1
14.2 42.6 3 1
11.8 79.3 3 1
19.7 23.7 3 1
17.3 36.9 3 1
18.5 54.7 3 1
13.4 57.8 3 1
30.4 75.0 3 1
25.8 34.5 3 1
19.3 65.5 3 1
28.3 32.6 3 1
17.6 25.2 3 1
29.1 36.5 3 1
21.7 84.2 3 1
15.1 75.8 3 1
22.9 33.0 3 1
14.4 59.9 3 1
18.3 80.3 3 1
16.2 60.2 3 1
25.3 89.5 3 1
26.2 86.1 3 1
17.0 49.2 3 1
24.4 83.1 3 1
19.0 58.8 3 1
13.0 27.6 3 1
14.8 63.0 3 1
12.9 75.3 3 1
20.5 15.9 3 1
20.2 49.0 3 1
20.5 21.4 3 1
23.4 12.3 3 1
17.2 87.3 3 1
21.5 78.0 3 1
14.4 85.1 3 1
23.1 24.7 3 1
21.9 52.0 3 1
26.3 87.7 3 1
26.2 15.3 3 1
29.5 57.9 3 1
30.5 61.5 3 1
14.3 71.3 3 1
18.2 24.0 3 1
28.3 39.6 3 1
18.4 14.3 3 1
20.5 40.1 3 1
22.2 26.1 3 1
22.8 50.8 3 1
18.7 24.2 3 1
16.5 29.6 3 1
18.5 18.1 3 1
18.5 43.1 3 1
29.5 66.9 3 1
30.4 58.6 3 1
22.7 29.8 3 1
12.8 12.7 3 1
26.1 61.4 3 1
17.9 22.2 3 1
11.5 56.5 3 1
18.4 83.7 3 1
15.0 81.1 3 1
24.7 55.0 4 2
29.0 16.7 4 2
13.8 48.8 4 2
26.9 56.0 4 2
22.4 49.9 4 2
15.8 54.0 4 2
22.2 19.9 4 2
18.2 20.5 4 2
22.5 70.0 4 2
16.5 88.0 4 2
15.8 47.7 4 2
14.7 48.9 4 2
28.8 10.3 4 2
19.9 66.5 4 2
22.8 82.1 4 2
17.6 72.9 4 2
15.7 24.4 4 2
18.4 75.1 4 2
16.0 22.2 4 2
16.8 69.2 4 2
17.4 66.0 4 3
19.0 71.6 4 3
23.3 50.5 4 3
11.7 13.7 4 3
28.3 24.6 4 3
18.6 45.2 4 3
18.9 63.1 4 3
13.6 33.2 4 3
27.5 16.1 4 3
21.6 36.2 4 3
25.5 26.1 4 3
16.3 89.5 4 3
16.0 50.5 4 3
13.9 26.6 4 3
28.3 55.3 4 3
22.7 50.6 4 3
24.9 76.7 4 3
26.1 70.4 4 3
13.9 84.2 4 3
20.7 18.4 4 3
27.0 12.8 5 3
12.0 21.1 5 3
11.7 84.4 5 3
18.5 73.3 5 3
28.4 30.4 5 3
11.1 14.8 5 3
14.7 88.5 5 3
19.7 57.6 5 3
17.7 51.5 5 3
30.0 89.8 5 3
23.7 69.6 5 3
26.0 41.8 5 3
22.1 68.4 5 3
17.7 70.4 5 3
14.6 56.6 5 3
16.5 63.9 5 3
28.5 70.4 5 3
25.0 71.6 5 3
17.2 22.5 5 3
24.1 34.2 5 3
26.4 74.1 5 3
25.9 50.3 5 3
20.6 39.3 5 3
18.1 50.2 5 3
21.6 43.6 5 3
13.3 29.2 5 3
29.6 12.4 5 3
17.8 45.7 5 3
20.6 15.8 5 3
16.5 89.7 5 3
27.7 71.8 5 3
28.5 52.9 5 3
13.2 59.2 5 3
16.5 52.6 5 3
26.3 33.3 5 3
24.4 61.2 5 3
27.2 14.3 5 3
24.8 75.4 5 3
27.0 61.7 5 3
26.1 50.2 5 3
15.2 74.8 5 3
20.5 59.7 5 3
28.0 32.5 5 3
27.8 82.5 5 3
13.4 39.2 5 3
28.6 23.2 5 3
26.7 22.1 5 3
24.7 42.7 5 3
21.1 31.7 5 3
13.6 13.9 5 3
15.3 65.1 5 3
11.1 42.4 5 3
15.2 84.2 5 3
27.5 83.9 5 3
20.2 16.4 5 3
18.4 64.3 5 3
20.8 82.0 5 3
16.4 81.3 5 3
15.6 52.2 5 3
26.0 63.4 5 3
23.5 58.3 6 3
13.7 55.9 6 3
21.3 52.0 6 3
19.0 44.4 6 3
29.1 74.6 6 3
29.1 88.8 6 3
21.1 27.7 6 3
20.6 18.5 6 3
15.2 45.0 6 3
16.5 41.8 6 3
15.5 36.2 6 3
24.3 16.6 6 3
24.9 19.6 6 3
18.1 89.0 6 3
12.2 23.2 6 3
25.7 77.3 6 3
29.9 73.3 6 3
16.6 89.9 6 3
18.0 58.4 6 3
30.4 83.3 6 3
10.8 33.8 6 4
20.5 57.2 6 4
30.2 40.0 6 4
18.7 64.8 6 4
27.1 45.9 6 4
26.6 18.6 6 4
20.0 59.8 6 4
21.0 71.4 6 4
12.4 48.9 6 4
20.7 83.4 6 4
13.3 71.8 6 4
19.9 35.2 6 4
23.5 43.9 6 4
20.4 33.7 6 4
26.0 40.5 6 4
22.1 56.7 6 4
17.2 70.3 6 4
29.8 33.3 6 4
15.7 37.7 6 4
12.3 47.7 6 4
11.6 55.4 6 4
16.9 72.8 6 4
25.8 58.4 6 4
23.4 48.5 6 4
23.5 89.2 6 4
16.0 32.9 6 4
14.2 78.7 6 4
17.1 13.8 6 4
13.9 72.7 6 4
20.3 63.8 6 4
16.1 34.8 6 4
22.2 78.2 6 4
15.0 71.6 6 4
27.7 74.8 6 4
17.0 83.7 6 4
25.1 51.4 6 4
27.1 56.1 6 4
11.9 80.5 6 4
20.5 71.2 6 4
18.0 13.5 6 4
11.3 31.7 6 4
22.4 36.6 6 4
23.2 50.8 6 4
27.1 59.6 6 4
18.2 84.8 6 4
24.2 60.3 6 4
23.6 64.4 6 4
26.5 66.6 6 4
17.7 53.3 6 4
22.1 72.5 6 4
29.9 25.6 6 4
20.7 21.5 6 4
11.4 39.3 6 4
16.1 53.8 6 4
16.5 48.1 6 4
16.4 26.8 6 4
27.0 51.6 6 4
12.5 51.3 6 4
12.8 74.1 6 4
13.7 78.0 6 4
11.0 62.7 6 4
18.9 87.9 6 4
26.6 16.8 6 4
30.2 34.3 6 4
15.5 20.4 6 4
15.9 25.6 6 4
19.1 39.9 6 4
14.8 28.4 6 4
24.8 79.5 6 4
23.1 30.9 6 4
28.4 36.0 6 4
29.0 62.4 6 4
25.3 23.9 6 4
19.0 85.1 6 4
22.5 63.2 6 4
26.8 90.0 6 4
17.6 40.1 6 4
28.1 11.6 6 4
15.5 57.2 6 4
27.0 23.2 6 4
12.9 47.1 6 4
18.9 10.8 6 4
24.2 14.8 6 4
12.9 33.0 6 4
16.5 74.4 6 4
30.1 59.4 6 4
24.4 55.6 6 4
11.7 89.8 6 4
27.8 40.7 6 4
12.2 27.1 6 4
15.0 75.0 6 4
14.1 34.5 6 4
28.9 47.7 6 4
12.5 87.9 6 4
19.4 17.1 6 4
19.3 31.7 6 4
10.7 63.5 6 4
21.1 56.1 6 4
25.6 58.8 6 4
13.0 12.2 6 4
